6.44235357004e-19 1.83006348153e-26
6.44235437323e-19 2.74767120443e-26
6.44235557907e-19 4.1254474936e-26
6.4423573894e-19 6.19422775392e-26
6.44236010727e-19 9.30070275439e-26
6.44236418764e-19 1.3965621495e-25
6.44237031355e-19 2.09712842556e-25
6.44237951044e-19 3.14931117965e-25
6.44239331782e-19 4.72975823422e-25
6.442414047e-19 7.10401809537e-25
6.44244516794e-19 1.0671421177e-24
6.44249189014e-19 1.60327462562e-24
6.44256203467e-19 2.4092353861e-24
6.44266734342e-19 3.62125588574e-24
6.44282544456e-19 5.44473692152e-24
6.44306280351e-19 8.18971616605e-24
6.44341915305e-19 1.23248303779e-23
6.44395414443e-19 1.85596839985e-23
6.44475733273e-19 2.79710728951e-23
6.44596316795e-19 4.21973210304e-23
6.44777350129e-19 6.37391305153e-23
6.45049137416e-19 9.64282556944e-23
6.45457174587e-19 1.46162723917e-22
6.46069765169e-19 2.22068780993e-22
6.46989453982e-19 3.38350899183e-22
6.48370192664e-19 5.17256970185e-22
6.50443110461e-19 7.9385338556e-22
6.53555204191e-19 1.22372201013e-21
6.58227423896e-19 1.43375642723e-21
6.65241877468e-19 1.53726960782e-21
6.75772751872e-19 1.65304140046e-21
6.915828666e-19 1.78557295116e-21
7.15318761466e-19 1.93783499261e-21
7.50953715089e-19 2.11182196175e-21
8.04452853286e-19 2.30803938852e-21
8.20474618937e-19 2.35708315827e-21
8.36496384587e-19 2.40274148391e-21
8.52518150236e-19 2.44541643719e-21
8.68539915886e-19 2.48543086996e-21
8.84561681537e-19 2.52304884079e-21
9.00583447187e-19 2.55848982618e-21
9.16605212836e-19 2.59193885973e-21
9.32626978486e-19 2.62355392417e-21
9.48648744136e-19 2.65347144258e-21
9.64670509787e-19 2.68181042588e-21
9.80692275437e-19 2.70867565167e-21
9.96714041086e-19 2.73416013317e-21
1.01273580674e-18 2.75834705992e-21
1.02875757239e-18 2.78131134006e-21
1.04477933804e-18 2.80312083842e-21
1.06080110369e-18 2.82383737984e-21
1.07682286934e-18 2.84351756925e-21
1.09284463499e-18 2.86221346761e-21
1.10886640064e-18 2.87997315332e-21
1.12488816629e-18 2.89684119186e-21
1.14090993194e-18 2.91285903159e-21
1.15693169759e-18 2.9280653393e-21
1.17295346324e-18 2.94249628665e-21
1.18897522889e-18 2.95618579611e-21
1.20499699454e-18 2.96916575334e-21
1.22101876019e-18 2.98146619167e-21
1.23704052584e-18 2.99311545306e-21
1.25306229149e-18 3.00414032946e-21
1.26908405714e-18 3.01456618733e-21
1.28510582279e-18 3.02441707809e-21
1.30112758844e-18 3.03371583625e-21
1.31714935409e-18 3.04248416723e-21
1.33317111974e-18 3.05074272609e-21
1.34919288539e-18 3.05851118845e-21
1.36521465104e-18 3.06580831465e-21
1.38123641669e-18 3.07265200789e-21
1.39725818234e-18 3.07905936721e-21
1.41327994799e-18 3.08504673584e-21
1.42930171364e-18 3.0906297455e-21
1.44532347929e-18 3.09582335706e-21
1.46134524494e-18 3.10064189801e-21
1.47736701059e-18 3.10509909703e-21
1.49338877624e-18 3.10920811602e-21
1.50941054189e-18 3.11298157971e-21
1.52543230754e-18 3.11643160335e-21
1.54145407319e-18 3.11956981831e-21
1.55747583884e-18 3.12240739608e-21
1.57349760449e-18 3.12495507067e-21
1.58951937014e-18 3.1272231596e-21
1.60554113579e-18 3.12922158353e-21
1.62156290144e-18 3.13095988472e-21
1.63758466709e-18 3.13244724445e-21
1.65360643274e-18 3.13369249928e-21
1.66962819839e-18 3.13470415652e-21
1.68564996404e-18 3.13549040876e-21
1.70167172969e-18 3.13605914756e-21
1.71769349534e-18 3.13641797652e-21
1.73371526099e-18 3.13657422351e-21
1.74973702664e-18 3.13653495232e-21
1.76575879229e-18 3.13630697378e-21
1.78178055794e-18 3.13589685615e-21
1.79780232359e-18 3.13531093515e-21
1.81382408924e-18 3.13455532339e-21
1.82984585489e-18 3.13363591935e-21
1.84586762054e-18 3.13255841602e-21
1.86188938619e-18 3.13132830897e-21
1.87791115184e-18 3.1299509042e-21
1.89393291749e-18 3.12843132549e-21
1.90995468314e-18 3.1267745215e-21
1.92597644879e-18 3.12498527252e-21
1.94199821444e-18 3.1230681969e-21
1.95801998009e-18 3.12102775721e-21
1.97404174574e-18 3.11886826612e-21
1.99006351139e-18 3.11659389202e-21
2.00608527704e-18 3.11420866442e-21
2.02210704269e-18 3.11171647906e-21
2.03812880834e-18 3.10912110286e-21
2.05415057399e-18 3.10642617866e-21
2.07017233964e-18 3.10363522969e-21
2.08619410529e-18 3.10075166395e-21
2.10221587094e-18 3.09777877831e-21
2.11823763659e-18 3.09471976256e-21
2.13425940224e-18 3.09157770315e-21
2.15028116789e-18 3.08835558693e-21
2.16630293354e-18 3.08505630461e-21
2.18232469919e-18 3.08168265414e-21
2.19834646484e-18 3.078237344e-21
2.21436823049e-18 3.07472299625e-21
2.23038999614e-18 3.07114214956e-21
2.24641176179e-18 3.06749726209e-21
3.84858832679e-18 2.59979214922e-21
5.45076489179e-18 2.19206335947e-21
7.05294145679e-18 1.88715726971e-21
8.65511802179e-18 1.65668912631e-21
1.02572945868e-17 1.47767856814e-21
1.18594711518e-17 1.33494755037e-21
1.34616477168e-17 1.21854741065e-21
1.50638242818e-17 1.1217984233e-21
1.66660008468e-17 1.04008307643e-21
3.26877664968e-17 6.1353733875e-22
4.87095321468e-17 4.42727157698e-22
6.47312977968e-17 3.49385507134e-22
8.07530634468e-17 2.90083375826e-22
9.67748290968e-17 2.48866049769e-22
1.12796594747e-16 2.18450657419e-22
1.28818360397e-16 1.95024032655e-22
1.44840126047e-16 1.76390041535e-22
1.60861891697e-16 1.61191656793e-22
