1.29135591357e-19 6.13283928299e-25
1.29135671675e-19 9.20729339903e-25
1.29135792259e-19 1.38229993143e-24
1.29135973292e-19 2.07525967787e-24
1.2913624508e-19 3.11560502224e-24
1.29136653117e-19 4.67748088476e-24
1.29137265707e-19 7.02232888094e-24
1.29138185396e-19 1.05426450492e-23
1.29139566135e-19 1.58276674737e-23
1.29141639053e-19 2.37619795669e-23
1.29144751146e-19 3.56735121184e-23
1.29149423366e-19 5.35556679765e-23
1.2915643782e-19 8.04006370941e-23
1.29166968694e-19 1.20699438409e-22
1.29182778809e-19 1.81191809884e-22
1.29206514704e-19 2.71990160749e-22
1.29242149657e-19 4.08262771195e-22
1.29295648796e-19 6.12751338711e-22
1.29375967626e-19 9.19529314671e-22
1.29496551147e-19 1.3795964945e-21
1.29677584482e-19 2.06917084107e-21
1.29949371769e-19 3.10189649433e-21
1.30357408939e-19 4.64663443883e-21
1.30969999521e-19 6.95297721996e-21
1.31889688334e-19 1.03869171189e-20
1.33270427017e-19 1.54786337839e-20
1.35343344814e-19 2.29818528727e-20
1.38455438543e-19 3.39369846221e-20
1.43127658249e-19 4.97134795591e-20
1.5014211182e-19 7.19738556901e-20
1.60672986224e-19 8.50616973145e-20
1.76483100952e-19 7.50206778753e-20
2.00218995818e-19 6.27242262454e-20
2.35853949441e-19 4.88594499484e-20
2.89353087639e-19 3.48025576697e-20
3.05374853289e-19 3.1665824715e-20
3.21396618939e-19 2.88961605828e-20
3.37418384589e-19 2.64412530506e-20
3.53440150239e-19 2.42575100431e-20
3.69461915889e-19 2.23084058435e-20
3.85483681539e-19 2.05631770235e-20
4.01505447189e-19 1.8995786884e-20
4.17527212839e-19 1.75840976584e-20
4.33548978489e-19 1.63092046538e-20
4.49570744139e-19 1.51548974804e-20
4.65592509789e-19 1.41072216762e-20
4.81614275439e-19 1.31541201244e-20
4.97636041089e-19 1.22851382658e-20
5.13657806739e-19 1.14911805963e-20
5.29679572389e-19 1.07643086113e-20
5.45701338039e-19 1.00975724166e-20
5.61723103689e-19 9.48486981383e-21
5.77744869339e-19 8.9208279136e-21
5.93766634989e-19 8.40070329769e-21
6.09788400639e-19 7.92029752059e-21
6.25810166289e-19 7.47588534559e-21
6.41831931939e-19 7.06415359388e-21
6.57853697589e-19 6.68214887119e-21
6.73875463239e-19 6.32723274637e-21
6.89897228889e-19 5.99704320644e-21
7.05918994539e-19 5.68946141549e-21
7.21940760189e-19 5.40258296937e-21
7.37962525839e-19 5.134692973e-21
7.53984291489e-19 4.88424437711e-21
7.70006057139e-19 4.64983910217e-21
7.86027822789e-19 4.43021155226e-21
8.02049588439e-19 4.2242141833e-21
8.18071354089e-19 4.03080484196e-21
8.34093119739e-19 3.84903563422e-21
8.50114885389e-19 3.67804311882e-21
8.66136651039e-19 3.51703965036e-21
8.82158416689e-19 3.36530572281e-21
8.98180182339e-19 3.22218318493e-21
9.14201947989e-19 3.08706921745e-21
9.30223713639e-19 2.95941097705e-21
9.46245479289e-19 2.83870082522e-21
9.62267244939e-19 2.72447207098e-21
9.78289010589e-19 2.61629516603e-21
9.94310776239e-19 2.51377429895e-21
1.01033254189e-18 2.41654434185e-21
1.02635430754e-18 2.32426810906e-21
1.04237607319e-18 2.23663389235e-21
1.05839783884e-18 2.1533532416e-21
1.07441960449e-18 2.07415896396e-21
1.09044137014e-18 1.99880331728e-21
1.10646313579e-18 1.92705637716e-21
1.12248490144e-18 1.85870455875e-21
1.13850666709e-18 1.79354927729e-21
1.15452843274e-18 1.73140573257e-21
1.17055019839e-18 1.67210180492e-21
1.18657196404e-18 1.61547705101e-21
1.20259372969e-18 1.56138178963e-21
1.21861549534e-18 1.50967626839e-21
1.23463726099e-18 1.46022990343e-21
1.25065902664e-18 1.41292058487e-21
1.26668079229e-18 1.3676340419e-21
1.28270255794e-18 1.3242632616e-21
1.29872432359e-18 1.28270795653e-21
1.31474608924e-18 1.24287407651e-21
1.33076785489e-18 1.20467336052e-21
1.34678962054e-18 1.16802292499e-21
1.36281138619e-18 1.13284488531e-21
1.37883315184e-18 1.09906600737e-21
1.39485491749e-18 1.06661738675e-21
1.41087668314e-18 1.03543415281e-21
1.42689844879e-18 1.00545519579e-21
1.44292021444e-18 9.76622914775e-22
1.45894198009e-18 9.48882984772e-22
1.47496374574e-18 9.22184141329e-22
1.49098551139e-18 8.96477981169e-22
1.50700727704e-18 8.71718777543e-22
1.52302904269e-18 8.47863309086e-22
1.53905080834e-18 8.24870701058e-22
1.55507257399e-18 8.02702277995e-22
1.57109433964e-18 7.81321426837e-22
1.58711610529e-18 7.60693469709e-22
1.60313787094e-18 7.40785545597e-22
1.61915963659e-18 7.21566500218e-22
1.63518140224e-18 7.03006783466e-22
1.65120316789e-18 6.85078353829e-22
1.66722493354e-18 6.67754589274e-22
1.68324669919e-18 6.51010204091e-22
1.69926846484e-18 6.34821171266e-22
1.71529023049e-18 6.19164649961e-22
1.73131199614e-18 6.04018917735e-22
3.33348856114e-18 9.9878911022e-23
4.93566512614e-18 3.26920505116e-23
6.53784169114e-18 1.45149512794e-23
8.14001825614e-18 7.66636143468e-24
9.74219482114e-18 4.53032302284e-24
1.13443713861e-17 2.89612611349e-24
1.29465479511e-17 1.96227765555e-24
1.45487245161e-17 1.39040714511e-24
1.61509010811e-17 1.02082021081e-24
3.21726667311e-17 1.31768696456e-25
4.81944323811e-17 3.94660907495e-26
6.42161980311e-17 1.67400708127e-26
8.02379636811e-17 8.59882278804e-27
9.62597293311e-17 4.98697634038e-27
1.12281494981e-16 3.14535929963e-27
1.28303260631e-16 2.10959774157e-27
1.44325026281e-16 1.48297961674e-27
1.60346791931e-16 1.08187547664e-27
