1.602176565e-25 1.89144688198e-19
2.40536486664e-25 1.89155695182e-19
3.61120008123e-25 1.8917006373e-19
5.42153342618e-25 1.89188820831e-19
8.13940629985e-25 1.89213307362e-19
1.22197780049e-24 1.89245273886e-19
1.83456838237e-24 1.89287006373e-19
2.75425719536e-24 1.89341489833e-19
4.13499587757e-24 1.89412622448e-19
6.20791367498e-24 1.89505495404e-19
9.32000740439e-24 1.89626758604e-19
1.39922271097e-23 1.89785098929e-19
2.10066806811e-23 1.89991865753e-19
3.15375550853e-23 1.90261889364e-19
4.73476698131e-23 1.90614552162e-19
7.10835646793e-23 1.91075191312e-19
1.06718518302e-22 1.91676936183e-19
1.602176565e-22 1.92463116385e-19
2.40536486664e-22 1.934904188e-19
3.61120008123e-22 1.94833027679e-19
5.42153342618e-22 1.96588053914e-19
8.13940629985e-22 1.98882651786e-19
1.22197780049e-21 2.01883336063e-19
1.83456838237e-21 2.05808148234e-19
2.75425719536e-21 2.10942465937e-19
4.13499587757e-21 2.17659367047e-19
6.20791367498e-21 2.2644545232e-19
9.32000740439e-21 2.37932665243e-19
1.39922271097e-20 2.52935388533e-19
2.10066806811e-20 2.7248874492e-19
3.15375550853e-20 2.97876020275e-19
4.73476698131e-20 3.30615418255e-19
7.10835646793e-20 3.72340783237e-19
1.06718518302e-19 3.29702132761e-19
1.602176565e-19 2.85507428194e-19
1.7623942215e-19 2.76554195239e-19
1.922611878e-19 2.68851508292e-19
2.0828295345e-19 2.62150140433e-19
2.243047191e-19 2.56261084506e-19
2.4032648475e-19 2.51038920505e-19
2.563482504e-19 2.46370197525e-19
2.7237001605e-19 2.42165253473e-19
2.883917817e-19 2.3835238176e-19
3.0441354735e-19 2.34873612458e-19
3.20435313e-19 2.31681617548e-19
3.3645707865e-19 2.28737409561e-19
3.524788443e-19 2.26008608068e-19
3.6850060995e-19 2.23468118086e-19
3.845223756e-19 2.21093111214e-19
4.0054414125e-19 2.18864231955e-19
4.165659069e-19 2.16764973477e-19
4.3258767255e-19 2.14781182232e-19
4.486094382e-19 2.12900661565e-19
4.6463120385e-19 2.11112852068e-19
4.806529695e-19 2.09408571962e-19
4.9667473515e-19 2.07779804811e-19
5.126965008e-19 2.0621952485e-19
5.2871826645e-19 2.04721552412e-19
5.447400321e-19 2.03280433606e-19
5.6076179775e-19 2.0189133966e-19
5.767835634e-19 2.00549982303e-19
5.9280532905e-19 1.99252542298e-19
6.088270947e-19 1.97995608831e-19
6.2484886035e-19 1.96776127884e-19
6.40870626e-19 1.95591358098e-19
6.5689239165e-19 1.94438832893e-19
6.729141573e-19 1.93316327857e-19
6.8893592295e-19 1.92221832558e-19
7.049576886e-19 1.9115352613e-19
7.2097945425e-19 1.9010975603e-19
7.370012199e-19 1.89089019533e-19
7.5302298555e-19 1.88089947553e-19
7.690447512e-19 1.87111290456e-19
7.8506651685e-19 1.86151905599e-19
8.010882825e-19 1.85210746362e-19
8.1711004815e-19 1.84286852447e-19
8.331318138e-19 1.83379341321e-19
8.4915357945e-19 1.82487400604e-19
8.651753451e-19 1.8161028133e-19
8.8119711075e-19 1.8074729193e-19
8.972188764e-19 1.7989779288e-19
9.1324064205e-19 1.79061191909e-19
9.292624077e-19 1.78236939723e-19
9.4528417335e-19 1.77424526157e-19
9.61305939e-19 1.76623476738e-19
9.7732770465e-19 1.75833349574e-19
9.933494703e-19 1.7505373257e-19
1.00937123595e-18 1.74284240909e-19
1.0253930016e-18 1.73524514774e-19
1.04141476725e-18 1.72774217298e-19
1.0574365329e-18 1.72033032693e-19
1.07345829855e-18 1.71300664568e-19
1.0894800642e-18 1.70576834394e-19
1.10550182985e-18 1.69861280106e-19
1.1215235955e-18 1.6915375484e-19
1.13754536115e-18 1.68454025775e-19
1.1535671268e-18 1.67761873075e-19
1.16958889245e-18 1.67077088934e-19
1.1856106581e-18 1.66399476687e-19
1.20163242375e-18 1.65728850011e-19
1.2176541894e-18 1.65065032186e-19
1.23367595505e-18 1.64407855417e-19
1.2496977207e-18 1.63757160214e-19
1.26571948635e-18 1.63112794822e-19
1.281741252e-18 1.62474614697e-19
1.29776301765e-18 1.61842482022e-19
1.3137847833e-18 1.61216265263e-19
1.32980654895e-18 1.6059583876e-19
1.3458283146e-18 1.59981082349e-19
1.36185008025e-18 1.59371881009e-19
1.3778718459e-18 1.58768124546e-19
1.39389361155e-18 1.58169707286e-19
1.4099153772e-18 1.57576527806e-19
1.42593714285e-18 1.56988488675e-19
1.4419589085e-18 1.56405496214e-19
1.45798067415e-18 1.55827460279e-19
1.4740024398e-18 1.55254294056e-19
1.49002420545e-18 1.54685913869e-19
1.5060459711e-18 1.54122239005e-19
1.52206773675e-18 1.53563191547e-19
1.5380895024e-18 1.53008696225e-19
1.55411126805e-18 1.52458680268e-19
1.5701330337e-18 1.51913073274e-19
1.58615479935e-18 1.51371807085e-19
1.602176565e-18 1.50834815669e-19
3.20435313e-18 1.11993431371e-19
4.806529695e-18 8.96050698676e-20
6.40870626e-18 7.4998292853e-20
8.010882825e-18 6.4694108532e-20
9.61305939e-18 5.70187441045e-20
1.1215235955e-17 5.10686539559e-20
1.281741252e-17 4.63132466535e-20
1.4419589085e-17 4.24202820542e-20
1.602176565e-17 3.91709464793e-20
3.20435313e-17 2.26968359279e-20
4.806529695e-17 1.62883213294e-20
6.40870626e-17 1.282239949e-20
8.010882825e-17 1.0631917351e-20
9.61305939e-17 9.11415245707e-21
1.1215235955e-16 7.99639758998e-21
1.281741252e-16 7.13666568262e-21
1.4419589085e-16 6.4534959575e-21
1.602176565e-16 5.89669324208e-21
