2.69806693764e-19 1.79316259047e-25
2.69806774082e-19 2.69209346265e-25
2.69806894666e-19 4.04166705732e-25
2.69807075699e-19 6.06779418934e-25
2.69807347487e-19 9.10963566748e-25
2.69807755524e-19 1.36763738182e-24
2.69808368114e-19 2.0532441787e-24
2.69809287803e-19 3.08254738141e-24
2.69810668542e-19 4.62783861671e-24
2.6981274146e-19 6.94777228902e-24
2.69815853553e-19 1.04306490534e-23
2.69820525773e-19 1.56593838234e-23
2.69827540227e-19 2.35090115352e-23
2.69838071101e-19 3.52930028229e-23
2.69853881216e-19 5.29827698357e-23
2.69877617111e-19 7.95368533465e-23
2.69913252064e-19 1.19394325417e-22
2.69966751202e-19 1.79213717054e-22
2.70047070033e-19 2.68978274064e-22
2.70167653554e-19 4.03646055497e-22
2.70348686889e-19 6.05606487031e-22
2.70620474176e-19 9.08321813814e-22
2.71028511346e-19 1.36168965988e-21
2.71641101928e-19 2.03986073358e-21
2.72560790741e-19 3.05245724807e-21
2.73941529424e-19 4.56027070821e-21
2.76014447221e-19 6.79632849994e-21
2.7912654095e-19 1.00921443972e-20
2.83798760656e-19 1.49058468204e-20
2.90813214227e-19 2.18416209207e-20
3.01344088631e-19 2.63924601253e-20
3.17154203359e-19 2.42082149719e-20
3.40890098225e-19 2.13631475985e-20
3.76525051848e-19 1.78777465547e-20
4.30024190046e-19 1.39450600725e-20
4.46045955696e-19 1.29963594164e-20
4.62067721346e-19 1.21323311922e-20
4.78089486996e-19 1.13436834319e-20
4.94111252646e-19 1.06223275382e-20
5.10133018296e-19 9.96119950803e-21
5.26154783946e-19 9.35411099978e-21
5.42176549596e-19 8.79562473227e-21
5.58198315246e-19 8.28094981855e-21
5.74220080896e-19 7.80585350456e-21
5.90241846546e-19 7.36658646617e-21
6.06263612196e-19 6.95981935823e-21
6.22285377846e-19 6.58258873805e-21
6.38307143496e-19 6.23225082893e-21
6.54328909146e-19 5.90644186379e-21
6.70350674796e-19 5.60304397078e-21
6.86372440446e-19 5.32015574216e-21
7.02394206096e-19 5.05606677318e-21
7.18415971746e-19 4.80923557704e-21
7.34437737396e-19 4.57827037903e-21
7.50459503046e-19 4.36191237335e-21
7.66481268696e-19 4.15902109204e-21
7.82503034346e-19 3.96856159018e-21
7.98524799996e-19 3.78959319697e-21
8.14546565646e-19 3.62125962015e-21
8.30568331296e-19 3.46278022289e-21
8.46590096946e-19 3.31344231882e-21
8.62611862596e-19 3.17259435307e-21
8.78633628246e-19 3.03963985612e-21
8.94655393896e-19 2.91403207309e-21
9.10677159546e-19 2.79526918454e-21
9.26698925196e-19 2.6828900464e-21
9.42720690846e-19 2.57647038628e-21
9.58742456496e-19 2.47561940168e-21
9.74764222146e-19 2.37997671307e-21
9.90785987796e-19 2.28920963047e-21
1.00680775345e-18 2.20301069766e-21
1.0228295191e-18 2.12109548272e-21
1.03885128475e-18 2.04320058737e-21
1.0548730504e-18 1.96908185087e-21
1.07089481605e-18 1.89851272752e-21
1.0869165817e-18 1.83128281885e-21
1.10293834735e-18 1.76719654432e-21
1.118960113e-18 1.70607193572e-21
1.13498187865e-18 1.64773954262e-21
1.1510036443e-18 1.59204143747e-21
1.16702540995e-18 1.5388303101e-21
1.1830471756e-18 1.48796864287e-21
1.19906894125e-18 1.43932795831e-21
1.2150907069e-18 1.39278813219e-21
1.23111247255e-18 1.34823676574e-21
1.2471342382e-18 1.30556861125e-21
1.26315600385e-18 1.26468504609e-21
1.2791777695e-18 1.22549359047e-21
1.29519953515e-18 1.18790746505e-21
1.3112213008e-18 1.15184518455e-21
1.32724306645e-18 1.11723018426e-21
1.3432648321e-18 1.08399047635e-21
1.35928659775e-18 1.05205833338e-21
1.3753083634e-18 1.02136999666e-21
1.39133012905e-18 9.91865407186e-22
1.4073518947e-18 9.6348795725e-22
1.42337366035e-18 9.36184260975e-22
1.439395426e-18 9.09903942126e-22
1.45541719165e-18 8.84599437768e-22
1.4714389573e-18 8.6022581644e-22
1.48746072295e-18 8.36740609658e-22
1.5034824886e-18 8.14103655645e-22
1.51950425425e-18 7.92276954301e-22
1.5355260199e-18 7.71224532526e-22
1.55154778555e-18 7.50912319037e-22
1.5675695512e-18 7.31308027973e-22
1.58359131685e-18 7.12381050565e-22
1.5996130825e-18 6.94102354268e-22
1.61563484815e-18 6.76444388771e-22
1.6316566138e-18 6.59380998365e-22
1.64767837945e-18 6.42887340194e-22
1.6637001451e-18 6.26939807929e-22
1.67972191075e-18 6.11515960491e-22
1.6957436764e-18 5.96594455427e-22
1.71176544205e-18 5.8215498661e-22
1.7277872077e-18 5.68178225949e-22
1.74380897335e-18 5.54645768818e-22
1.759830739e-18 5.4154008294e-22
1.77585250465e-18 5.28844460485e-22
1.7918742703e-18 5.16542973151e-22
1.80789603595e-18 5.0462043002e-22
1.8239178016e-18 4.93062338008e-22
1.83993956725e-18 4.81854864715e-22
1.8559613329e-18 4.70984803522e-22
1.87198309855e-18 4.60439540788e-22
3.47415966355e-18 8.57116648028e-23
5.07633622855e-18 2.93883973185e-23
6.67851279355e-18 1.33758302448e-23
8.28068935855e-18 7.17458375734e-24
9.88286592355e-18 4.28459184597e-24
1.14850424885e-17 2.76005048044e-24
1.30872190535e-17 1.88095788385e-24
1.46893956185e-17 1.33886784653e-24
1.62915721835e-17 9.86593057421e-25
3.23133378335e-17 1.29508438888e-25
4.83351034835e-17 3.90112639756e-26
6.43568691335e-17 1.6594814945e-26
8.03786347835e-17 8.53899204862e-27
9.64004004335e-17 4.9580147744e-27
1.12422166084e-16 3.12968475315e-27
1.28443931734e-16 2.10039117168e-27
1.44465697384e-16 1.47722302688e-27
1.60487463034e-16 1.07809385945e-27
