7.29150554732e-20 2.5383090728e-23
7.29200403882e-20 3.35458736489e-23
7.29265762795e-20 4.44224280698e-23
7.29351457083e-20 5.89713155887e-23
7.29463813773e-20 7.85242799325e-23
7.29611128442e-20 1.04951510176e-22
7.29804277705e-20 1.40910533319e-22
7.30057522258e-20 1.90225822e-22
7.30389559786e-20 2.58474574888e-22
7.30824905457e-20 3.53900193359e-22
7.31395701942e-20 4.88849883894e-22
7.32144092584e-20 6.82054650996e-22
7.33125332953e-20 9.62267908958e-22
7.34411870501e-20 1.3740997806e-21
7.36098693543e-20 1.98740183245e-21
7.38310344479e-20 2.91238654273e-21
7.4121011508e-20 3.79026250198e-21
7.45012102725e-20 4.80513535435e-21
7.49997017756e-20 6.0684369434e-21
7.56532909029e-20 7.65471653444e-21
7.65102337887e-20 9.65694204912e-21
7.76338006888e-20 1.21931681669e-20
7.91069473825e-20 1.54134748129e-20
8.10384400074e-20 1.95071667978e-20
8.35708855377e-20 2.47089263553e-20
8.68912608172e-20 3.1301035719e-20
9.12447175312e-20 3.96067248049e-20
9.69526823739e-20 4.99676816747e-20
1.04436588793e-19 6.26982042652e-20
1.14248992483e-19 7.80114795324e-20
1.27114367969e-19 9.59216269336e-20
1.43982598387e-19 1.16137410504e-19
1.66099107751e-19 1.37975261674e-19
1.95096813757e-19 1.60324478416e-19
2.33116690208e-19 1.81693184768e-19
2.49138455858e-19 1.88658599551e-19
2.65160221507e-19 1.94658290417e-19
2.81181987158e-19 1.99822669555e-19
2.97203752808e-19 2.04261463684e-19
3.13225518458e-19 2.08067551079e-19
3.29247284108e-19 2.11319991943e-19
3.45269049758e-19 2.14086436821e-19
3.61290815407e-19 2.1642505397e-19
3.77312581057e-19 2.18386082669e-19
3.93334346708e-19 2.20013093804e-19
4.09356112358e-19 2.21344019749e-19
4.25377878008e-19 2.22412001163e-19
4.41399643657e-19 2.23246087471e-19
4.57421409308e-19 2.23871819614e-19
4.73443174957e-19 2.24311717469e-19
4.89464940608e-19 2.24585689597e-19
5.05486706258e-19 2.24711379311e-19
5.21508471907e-19 2.24704458293e-19
5.37530237558e-19 2.24578876729e-19
5.53552003207e-19 2.24347077257e-19
5.69573768858e-19 2.24020178636e-19
5.85595534508e-19 2.23608133984e-19
6.01617300158e-19 2.23119867548e-19
6.17639065808e-19 2.22563393293e-19
6.33660831458e-19 2.21945918033e-19
6.49682597107e-19 2.21273931375e-19
6.65704362758e-19 2.20553284361e-19
6.81726128408e-19 2.19789258414e-19
6.97747894058e-19 2.18986625926e-19
7.13769659708e-19 2.18149703614e-19
7.29791425357e-19 2.17282399634e-19
7.45813191008e-19 2.16388255238e-19
7.61834956658e-19 2.15470481712e-19
7.77856722308e-19 2.14531993172e-19
7.93878487958e-19 2.13575435734e-19
8.09900253608e-19 2.12603213525e-19
8.25922019258e-19 2.11617511894e-19
8.41943784908e-19 2.10620318166e-19
8.57965550558e-19 2.09613440236e-19
8.73987316207e-19 2.08598523235e-19
8.90009081858e-19 2.07577064506e-19
9.06030847508e-19 2.06550427073e-19
9.22052613158e-19 2.05519851764e-19
9.38074378808e-19 2.04486468155e-19
9.54096144458e-19 2.03451304438e-19
9.70117910108e-19 2.02415296345e-19
9.86139675758e-19 2.0137929523e-19
1.00216144141e-18 2.0034407538e-19
1.01818320706e-18 1.99310340654e-19
1.03420497271e-18 1.98278730502e-19
1.05022673836e-18 1.97249825442e-19
1.06624850401e-18 1.96224152038e-19
1.08227026966e-18 1.95202187428e-19
1.09829203531e-18 1.9418436346e-19
1.11431380096e-18 1.93171070452e-19
1.13033556661e-18 1.92162660633e-19
1.14635733226e-18 1.9115945128e-19
1.16237909791e-18 1.90161727591e-19
1.17840086356e-18 1.89169745307e-19
1.19442262921e-18 1.88183733119e-19
1.21044439486e-18 1.87203894865e-19
1.22646616051e-18 1.86230411552e-19
1.24248792616e-18 1.85263443209e-19
1.25850969181e-18 1.84303130579e-19
1.27453145746e-18 1.83349596685e-19
1.29055322311e-18 1.82402948262e-19
1.30657498876e-18 1.81463277074e-19
1.32259675441e-18 1.80530661128e-19
1.33861852006e-18 1.79605165787e-19
1.35464028571e-18 1.78686844801e-19
1.37066205136e-18 1.77775741248e-19
1.38668381701e-18 1.7687188841e-19
1.40270558266e-18 1.75975310576e-19
1.41872734831e-18 1.75086023779e-19
1.43474911396e-18 1.74204036485e-19
1.45077087961e-18 1.73329350223e-19
1.46679264526e-18 1.72461960162e-19
1.48281441091e-18 1.71601855657e-19
1.49883617656e-18 1.70749020741e-19
1.51485794221e-18 1.69903434583e-19
1.53087970786e-18 1.69065071915e-19
1.54690147351e-18 1.68233903422e-19
1.56292323916e-18 1.67409896108e-19
1.57894500481e-18 1.66593013624e-19
1.59496677046e-18 1.65783216586e-19
1.61098853611e-18 1.64980462854e-19
1.62701030176e-18 1.64184707803e-19
1.64303206741e-18 1.63395904566e-19
1.65905383306e-18 1.62614004259e-19
1.67507559871e-18 1.61838956192e-19
3.27725216371e-18 1.09570564127e-19
4.87942872871e-18 8.35249014469e-20
6.48160529371e-18 6.79680792486e-20
8.08378185871e-18 5.75796564885e-20
9.68595842371e-18 5.0121212763e-20
1.12881349887e-17 4.448875638e-20
1.28903115537e-17 4.00740333519e-20
1.44924881187e-17 3.65137095401e-20
1.60946646837e-17 3.35769884739e-20
3.21164303337e-17 1.91175287363e-20
4.81381959837e-17 1.36539153573e-20
6.41599616337e-17 1.07275964248e-20
8.01817272837e-17 8.88656766917e-21
9.62034929337e-17 7.61413440805e-21
1.12225258584e-16 6.6784714311e-21
1.28247024234e-16 5.9594944032e-21
1.44268789884e-16 5.38854167337e-21
1.60290555534e-16 4.9234046876e-21
