2.10349921437e-19 1.19066110159e-27
2.10350001755e-19 2.19029047808e-27
2.10350122339e-19 4.02918234264e-27
2.10350303372e-19 7.41197805898e-27
2.10350575159e-19 1.36349553862e-26
2.10350983197e-19 2.50828090029e-26
2.10351595787e-19 4.61425933371e-26
2.10352515476e-19 8.48851635319e-26
2.10353896215e-19 1.5615869401e-25
2.10355969133e-19 2.8728024934e-25
2.10359081226e-19 5.28507516915e-25
2.10363753446e-19 9.72305568028e-25
2.103707679e-19 1.78879522951e-24
2.10381298774e-19 3.2909714489e-24
2.10397108889e-19 6.05468367379e-24
2.10420844784e-19 1.11393272824e-23
2.10456479737e-19 2.04936739335e-23
2.10509978875e-19 3.77018160688e-23
2.10590297706e-19 6.93532436806e-23
2.10710881227e-19 1.27556253507e-22
2.10891914561e-19 2.34540069373e-22
2.11163701849e-19 4.31056440025e-22
2.11571739019e-19 7.9164669598e-22
2.12184329601e-19 1.452185729e-21
2.13104018414e-19 2.65902320135e-21
2.14484757096e-19 4.85513860144e-21
2.16557674894e-19 8.82706972049e-21
2.19669768623e-19 1.59444782741e-20
2.24341988329e-19 2.85219452842e-20
2.313564419e-19 5.02916687422e-20
2.41887316304e-19 8.68360414035e-20
2.57697431032e-19 1.45507138584e-19
2.81433325898e-19 2.33866328735e-19
3.17068279521e-19 3.55467228299e-19
3.70567417719e-19 5.03134011099e-19
3.86589183369e-19 5.39382029556e-19
4.02610949019e-19 5.72304670258e-19
4.18632714669e-19 6.02135076773e-19
4.34654480319e-19 6.29106700036e-19
4.50676245969e-19 6.53446085256e-19
4.66698011619e-19 6.75368731851e-19
4.82719777269e-19 6.95076917182e-19
4.98741542919e-19 7.12758771816e-19
5.14763308569e-19 7.28588143872e-19
5.30785074219e-19 7.42724950057e-19
5.46806839869e-19 7.5531581502e-19
5.62828605519e-19 7.6649486899e-19
5.78850371169e-19 7.76384618921e-19
5.94872136819e-19 7.85096838562e-19
6.10893902469e-19 7.92733443036e-19
6.26915668119e-19 7.99387326988e-19
6.42937433769e-19 8.0514315439e-19
6.58959199419e-19 8.10078094034e-19
6.74980965069e-19 8.14262498662e-19
6.91002730719e-19 8.1776052818e-19
7.07024496369e-19 8.20630718974e-19
7.23046262019e-19 8.22926502241e-19
7.39068027669e-19 8.2469667476e-19
7.55089793319e-19 8.25985825712e-19
7.71111558969e-19 8.26834723177e-19
7.87133324619e-19 8.27280663819e-19
8.03155090269e-19 8.2735778913e-19
8.19176855919e-19 8.27097371343e-19
8.35198621569e-19 8.26528071925e-19
8.51220387219e-19 8.25676175305e-19
8.67242152869e-19 8.24565800274e-19
8.83263918519e-19 8.23219091245e-19
8.99285684169e-19 8.21656391393e-19
9.15307449819e-19 8.19896399445e-19
9.31329215469e-19 8.17956311781e-19
9.47350981119e-19 8.15851951265e-19
9.63372746769e-19 8.13597884155e-19
9.79394512419e-19 8.11207526245e-19
9.95416278069e-19 8.08693239311e-19
1.01143804372e-18 8.06066418798e-19
1.02745980937e-18 8.03337573621e-19
1.04348157502e-18 8.00516398817e-19
1.05950334067e-18 7.97611841757e-19
1.07552510632e-18 7.94632162527e-19
1.09154687197e-18 7.91584989032e-19
1.10756863762e-18 7.88477367314e-19
1.12359040327e-18 7.85315807551e-19
1.13961216892e-18 7.82106326116e-19
1.15563393457e-18 7.78854484079e-19
1.17165570022e-18 7.75565422468e-19
1.18767746587e-18 7.72243894587e-19
1.20369923152e-18 7.68894295656e-19
1.21972099717e-18 7.65520690015e-19
1.23574276282e-18 7.62126836107e-19
1.25176452847e-18 7.58716209439e-19
1.26778629412e-18 7.55292023693e-19
1.28380805977e-18 7.51857250156e-19
1.29982982542e-18 7.48414635606e-19
1.31585159107e-18 7.44966718794e-19
1.33187335672e-18 7.4151584563e-19
1.34789512237e-18 7.38064183204e-19
1.36391688802e-18 7.34613732712e-19
1.37993865367e-18 7.311663414e-19
1.39596041932e-18 7.27723713597e-19
1.41198218497e-18 7.24287420916e-19
1.42800395062e-18 7.20858911689e-19
1.44402571627e-18 7.17439519694e-19
1.46004748192e-18 7.14030472238e-19
1.47606924757e-18 7.10632897647e-19
1.49209101322e-18 7.07247832204e-19
1.50811277887e-18 7.03876226578e-19
1.52413454452e-18 7.00518951798e-19
1.54015631017e-18 6.97176804785e-19
1.55617807582e-18 6.93850513498e-19
1.57219984147e-18 6.90540741708e-19
1.58822160712e-18 6.87248093433e-19
1.60424337277e-18 6.83973117068e-19
1.62026513842e-18 6.80716309213e-19
1.63628690407e-18 6.77478118247e-19
1.65230866972e-18 6.74258947648e-19
1.66833043537e-18 6.71059159081e-19
1.68435220102e-18 6.67879075277e-19
1.70037396667e-18 6.64718982718e-19
1.71639573232e-18 6.6162372069e-19
1.73241749797e-18 6.58591791491e-19
1.74843926362e-18 6.55605346179e-19
1.76446102927e-18 6.52658367561e-19
1.78048279492e-18 6.49747318014e-19
1.79650456057e-18 6.46869761985e-19
1.81252632622e-18 6.4402387465e-19
3.41470289122e-18 4.51048933103e-19
5.01687945622e-18 3.49841768385e-19
6.61905602122e-18 2.87170736183e-19
8.22123258622e-18 2.44341063859e-19
9.82340915122e-18 2.13114107255e-19
1.14255857162e-17 1.89281531076e-19
1.30277622812e-17 1.70462331914e-19
1.46299388462e-17 1.55204843378e-19
1.62321154112e-17 1.42572019649e-19
3.22538810612e-17 8.0005019495e-20
4.82756467112e-17 5.64164179302e-20
6.42974123612e-17 4.38787612766e-20
8.03191780112e-17 3.60507257253e-20
9.63409436612e-17 3.06774050369e-20
1.12362709311e-16 2.67503289629e-20
1.28384474961e-16 2.37491415225e-20
1.44406240611e-16 2.13775024392e-20
1.60428006261e-16 1.94539522045e-20
