state_name, energy,  g, vib_states, vib_energy
Al(0)      0.0       2     0        0
Al(0.01)   0.01389   4     0        0
Al(3.14)   3.14263   2     0        0
Al(3.598)  3.59807   2     0        0
Al(3.604)  3.60384   4     0        0
Al(3.613)  3.61324   6     0        0
Al(4.02)   4.02148   4     0        0
Al(4.085)  4.08526   2     0        0
Al(4.087)  4.08722   4     0        0
Al(4.673)  4.67289   2     0        0
Al(4.827)  4.82663   4     0        0
Al+        5.985     1     0        0  
